config                  context_anchor  context_top_ra  context_win_gi  novel_ngram_sh  pure_corpus_re  verbatim_run_r  reply_ge90pct_      distinct_1      distinct_2  repeated_bigra  connective_rep  winner_multiju  empty_result_r  avg_length_tok  length_mirror_  context_token_  avg_generation  slot_mutation_  verbatim_exten
baseline_registry               0.5483          0.5683          0.9320          0.6034          0.0091          0.3583          0.0033          0.5008          0.9014          0.0005          0.6067          0.0000          0.0000         10.3933          5.4967          0.2249        171.2367          0.0000          0.0683
baseline_live                   0.5583          0.5967          0.9190          0.6284          0.0000          0.3693          0.0000          0.4996          0.9020          0.0003          0.6433          0.0000          0.0000         10.6567          4.0367          0.2456        229.7533          0.0000          0.2083
slot_mutation=0.15              0.6067          0.6167          0.8694          0.6384          0.0000          0.3571          0.0000          0.4801          0.8935          0.0003          0.6800          0.0000          0.0000         11.2333          5.3433          0.2532        199.3967          0.0983          0.1533
slot_mutation=0.3               0.5633          0.5717          0.7747          0.6567          0.0000          0.3469          0.0000          0.4861          0.8993          0.0015          0.6333          0.0000          0.0000         11.0567          3.6133          0.2335        184.9000          0.1950          0.1550
slot_mutation=0.6               0.5567          0.5500          0.7700          0.6673          0.0000          0.3265          0.0000          0.4803          0.9035          0.0005          0.6600          0.0000          0.0000         10.9933          4.0700          0.2370        166.4167          0.2883          0.1200
intonation=0.5                  0.5683          0.6033          0.9115          0.6296          0.0000          0.3809          0.0000          0.4988          0.9103          0.0009          0.6483          0.0000          0.0000         10.6867          3.9733          0.2520        214.1567          0.0000          0.1967
intonation=1.0                  0.5817          0.6083          0.9180          0.6414          0.0000          0.3727          0.0000          0.4897          0.9059          0.0004          0.6417          0.0000          0.0000         10.3900          3.7033          0.2461        226.3533          0.0000          0.1983
jump_boost=1.0                  0.5783          0.5917          0.9358          0.6252          0.0000          0.3640          0.0000          0.4937          0.9050          0.0002          0.6517          0.0000          0.0000         10.9900          6.2800          0.2428        252.4867          0.0000          0.1950
jump_boost=4.0                  0.5867          0.6083          0.9317          0.6268          0.0000          0.3741          0.0000          0.4897          0.8974          0.0003          0.6833          0.0000          0.0000         10.8600          3.6733          0.2421        242.3933          0.0000          0.1800
ext_share=0                     0.6350          0.6433          0.9664          0.6313          0.0017          0.3795          0.0017          0.4967          0.9083          0.0000          0.6217          0.0000          0.0000         10.5933          6.3400          0.2486        181.4567          0.0000          0.0217
ext_share=0.6                   0.4833          0.5200          0.8909          0.6263          0.0000          0.3683          0.0000          0.4768          0.8920          0.0011          0.6667          0.0000          0.0000         11.7200          4.4400          0.2260        257.8767          0.0000          0.3083
ext_share=1.0                   0.5483          0.5867          0.9003          0.6210          0.0000          0.3713          0.0000          0.4814          0.8962          0.0013          0.6733          0.0000          0.0000         10.8967          3.3500          0.2309        212.5100          0.0000          0.2250
order_mix=0                     0.5067          0.5383          0.9152          0.6048          0.0000          0.3677          0.0000          0.4761          0.8962          0.0006          0.6983          0.0000          0.0000         11.4900          5.6033          0.2285        239.7567          0.0000          0.2633
order_mix=0.25                  0.5617          0.5817          0.9321          0.6251          0.0000          0.3782          0.0000          0.4873          0.8992          0.0003          0.6717          0.0000          0.0000         10.8100          4.8233          0.2501        224.9967          0.0000          0.2100
order_mix=0.75                  0.5867          0.6250          0.9127          0.6517          0.0000          0.3613          0.0000          0.4980          0.9010          0.0002          0.6483          0.0000          0.0000         10.7833          3.3333          0.2389        213.8200          0.0000          0.1550
splice=0                        0.3233          0.3317          0.9344          0.5977          0.0000          0.3894          0.0000          0.4845          0.8953          0.0003          0.5150          0.0000          0.0000         10.7233          3.1733          0.1758        206.6200          0.0000          0.3250
splice=0.5                      0.7383          0.7583          0.9489          0.6507          0.0000          0.3598          0.0000          0.4886          0.9004          0.0005          0.7583          0.0000          0.0000         11.2733          5.6867          0.2820        231.4067          0.0000          0.1233
sel_temp=0                      0.5933          0.5983          0.9917          0.6431          0.0000          0.3646          0.0000          0.4989          0.9038          0.0002          0.6383          0.0000          0.0000         10.7767          3.4567          0.2532        213.4433          0.0000          0.1817
sel_temp=3                      0.5583          0.5967          0.9134          0.6278          0.0000          0.3693          0.0000          0.4983          0.9014          0.0003          0.6350          0.0000          0.0000         10.6267          3.5900          0.2450        223.3767          0.0000          0.2083
randomness=0                    0.5500          0.5567          0.9429          0.6246          0.0000          0.3730          0.0000          0.4872          0.8931          0.0002          0.6717          0.0000          0.0000         10.9267          4.7167          0.2334        214.4467          0.0000          0.1750
randomness=3                    0.5700          0.5933          0.9271          0.6356          0.0000          0.3712          0.0000          0.4854          0.8921          0.0009          0.6550          0.0000          0.0000         11.0067          2.5000          0.2460        215.9467          0.0000          0.1933
rep_pen=0                       0.5750          0.5967          0.9329          0.6178          0.0000          0.3691          0.0000          0.4917          0.9035          0.0002          0.6783          0.0000          0.0000         11.0333          4.7633          0.2470        222.8700          0.0000          0.2133
rep_pen=3                       0.5733          0.6017          0.9362          0.6104          0.0000          0.3814          0.0000          0.4943          0.8932          0.0005          0.6650          0.0000          0.0000         11.0500          3.6233          0.2506        220.2400          0.0000          0.2133
recent_pen=0                    0.5583          0.5967          0.9190          0.6284          0.0000          0.3693          0.0000          0.4996          0.9020          0.0003          0.6433          0.0000          0.0000         10.6567          4.0367          0.2456        220.8600          0.0000          0.2083
recent_pen=3                    0.5583          0.5967          0.9190          0.6284          0.0000          0.3693          0.0000          0.4996          0.9020          0.0003          0.6433          0.0000          0.0000         10.6567          4.0367          0.2456        224.5767          0.0000          0.2083
casefold=off                    0.5200          0.5533          0.9115          0.6289          0.0000          0.3726          0.0000          0.4777          0.9020          0.0002          0.6533          0.0000          0.0000         10.9700          3.5733          0.2289        222.4933          0.0000          0.2133
ctx_bias=1.0                    0.5883          0.6250          0.9196          0.6340          0.0000          0.3682          0.0000          0.4971          0.8993          0.0002          0.6833          0.0000          0.0000         10.5700          3.0967          0.2519        209.9800          0.0000          0.1983
ctx_bias=4.0                    0.5350          0.5583          0.9318          0.6328          0.0000          0.3818          0.0000          0.4708          0.8903          0.0007          0.6750          0.0000          0.0000         11.0100          4.4300          0.2430        213.4533          0.0000          0.1917
verb_pen=0                      0.5917          0.6450          0.8991          0.5119          0.1664          0.4455          0.0733          0.5085          0.9109          0.0004          0.5367          0.0000          0.0000         10.2767          5.2400          0.2390        162.5033          0.0000          0.0167
verb_pen=3                      0.5583          0.5767          0.9250          0.6457          0.0000          0.3616          0.0000          0.4950          0.8973          0.0012          0.6133          0.0000          0.0000         10.7133          2.8900          0.2268        218.1867          0.0000          0.1983
start_bias=1.0                  0.0000          0.0000          0.0000          0.6011          0.0000          0.3692          0.0000          0.4829          0.8934          0.0000          0.4667          0.0000          0.0000         10.5700          2.3367          0.0652        290.4700          0.0000          0.4117
start_bias=4.0                  0.6817          0.7200          0.9278          0.6192          0.0000          0.3758          0.0000          0.4966          0.8987          0.0003          0.7300          0.0000          0.0000         11.1967          3.9567          0.2741        195.4733          0.0000          0.1700
jump_prob=0                     0.4733          0.5083          0.8886          0.6092          0.0000          0.3565          0.0000          0.4996          0.8982          0.0003          0.5267          0.0000          0.0000         10.8933          5.3833          0.2113        236.7767          0.0000          0.2917
jump_prob=0.3                   0.6167          0.6633          0.9173          0.6572          0.0000          0.3615          0.0000          0.4854          0.8969          0.0000          0.7100          0.0000          0.0000         10.9767          3.4967          0.2571        217.3167          0.0000          0.1533
affinity=1.0                    0.5600          0.5767          0.9364          0.6378          0.0000          0.3749          0.0000          0.4913          0.8999          0.0003          0.6350          0.0000          0.0000         10.8000          4.9733          0.2155         68.9700          0.0000          0.2033
affinity=10.0                   0.5650          0.5850          0.9353          0.6279          0.0000          0.3679          0.0000          0.4879          0.9021          0.0003          0.6633          0.0000          0.0000         10.9300          4.7267          0.2322        221.3267          0.0000          0.2100
len_adapt=0                     0.5233          0.5700          0.8975          0.6145          0.0000          0.3722          0.0000          0.4833          0.8946          0.0000          0.6683          0.0000          0.0000         11.4633          1.7300          0.2273        229.2933          0.0000          0.2267
len_adapt=3                     0.5567          0.5867          0.9175          0.6221          0.0000          0.3885          0.0000          0.4867          0.9024          0.0002          0.6883          0.0000          0.0000         10.9867          5.7667          0.2361        229.9033          0.0000          0.2250
markov_order=2                  0.4917          0.5233          0.8989          0.6258          0.0000          0.3828          0.0000          0.5277          0.9224          0.0002          0.4417          0.0000          0.0000         10.2033          4.6233          0.1918         33.3267          0.0000          0.2467
